([[119, 331], [238, 331], [238, 382], [119, 382]], 'DollR', 0.5505404039836473)
([[246, 348], [317, 348], [317, 386], [246, 386]], 'Tmee', 0.6579409837722778)
([[324, 350], [448, 350], [448, 403], [324, 403]], 'Smones,"', 0.7228569163806285)
([[454, 361], [531, 361], [531, 401], [454, 401]], 'Ixc..', 0.6442545307663748)
([[70, 398], [146, 398], [146, 428], [70, 428]], 'Sto-al', 0.27347664564419194)
([[150, 406], [204, 406], [204, 430], [150, 430]], '1693', 0.9999577234666247)
([[69, 424], [123, 424], [123, 448], [69, 448]], '135)', 0.5342296668856453)
([[407, 424], [460, 424], [460, 448], [407, 448]], '(215)', 0.9999875249793061)
([[469, 424], [559, 424], [559, 454], [469, 454]], '491-1617', 0.9413957624763121)
([[127, 426], [201, 426], [201, 456], [127, 456]], 'Easton', 0.9999428645884653)
([[209, 431], [266, 431], [266, 456], [209, 456]], 'Road', 0.8878284178500212)
([[70, 445], [189, 445], [189, 480], [70, 480]], '*e--tngton', 0.6031820347674071)
([[194, 457], [222, 457], [222, 478], [194, 478]], 'PA', 0.6441065339729187)
([[231, 455], [347, 455], [347, 487], [231, 487]], '18976-1818', 0.83406612847401)
([[67, 489], [200, 489], [200, 524], [67, 524]], 'DES-aIPTION', 0.19776884928638455)
([[319, 504], [354, 504], [354, 529], [319, 529]], 'QTY', 0.995164374378716)
([[382, 508], [442, 508], [442, 533], [382, 533]], 'PRICE', 0.9999993602557958)
([[503, 512], [556, 512], [556, 536], [503, 536]], 'TOTAL', 0.6739938936098632)
([[65, 537], [116, 537], [116, 558], [65, 558]], 'WIS:', 0.5898213761437316)
([[124, 541], [208, 541], [208, 562], [124, 562]], 'CRUNCHY', 0.963569307484617)
([[216, 544], [256, 544], [256, 566], [216, 566]], 'CHZ', 0.5373234152793884)
([[63, 556], [112, 556], [112, 580], [63, 580]], 'NIS:', 0.3433007092178391)
([[396, 552], [442, 552], [442, 576], [396, 576]], '1.00', 0.8750577194817576)
([[506, 556], [563, 556], [563, 577], [506, 577]], '1.00N', 0.9996872062684415)
([[121, 559], [207, 559], [207, 588], [121, 588]], 'CRUNCHY', 0.9997783122342557)
([[216, 567], [255, 567], [255, 587], [216, 587]], 'CH2', 0.7500202730847154)
([[62, 577], [149, 577], [149, 606], [62, 606]], 'CC34rES', 0.2981097227364192)
([[341, 574], [355, 574], [355, 595], [341, 595]], '1', 1.0)
([[396, 574], [442, 574], [442, 595], [396, 595]], '1.00', 0.9999071424166662)
([[506, 577], [567, 577], [567, 599], [506, 599]], '1.00N', 0.9764709280029904)
([[340, 596], [355, 596], [355, 617], [340, 617]], '1', 1.0)
([[395, 596], [443, 596], [443, 617], [395, 617]], '1.00', 0.99684891246316)
([[509, 599], [568, 599], [568, 621], [509, 621]], '1.00N', 0.9995567437859646)
([[59, 603], [181, 603], [181, 628], [59, 628]], 'SHJRTBREAD', 0.6400816108391464)
([[191, 607], [266, 607], [266, 631], [191, 631]], 'COOKIE', 0.6085447626289677)
([[340, 618], [355, 618], [355, 639], [340, 639]], '1', 1.0)
([[396, 618], [446, 618], [446, 639], [396, 639]], '1.00', 0.9992444781787299)
([[509, 621], [571, 621], [571, 643], [509, 643]], '1.00N', 0.9121795340745563)
([[59, 625], [134, 625], [134, 650], [59, 650]], 'ANI+AL', 0.6298412742414975)
([[143, 629], [240, 629], [240, 653], [143, 653]], 'CRACKERS', 0.9958794954091977)
([[340, 639], [355, 639], [355, 661], [340, 661]], '1', 1.0)
([[399, 640], [447, 640], [447, 661], [399, 661]], '1.00', 0.9828366506415136)
([[509, 643], [571, 643], [571, 665], [509, 665]], '1.00N', 0.9060506207393113)
([[55, 647], [130, 647], [130, 672], [55, 672]], 'TOST4S', 0.7660836154668804)
([[140, 649], [241, 649], [241, 680], [140, 680]], 'CRACKERS', 0.9984035476425456)
([[340, 661], [355, 661], [355, 683], [340, 683]], '1', 0.4638937668574413)
([[399, 662], [446, 662], [446, 687], [399, 687]], '1.00', 0.8841062630716936)
([[513, 665], [575, 665], [575, 686], [513, 686]], '1.00N', 0.9751460948025327)
([[51, 673], [156, 673], [156, 697], [51, 697]], 'CRA.KERS', 0.9664230455123494)
([[340, 683], [355, 683], [355, 705], [340, 705]], '1', 1.0)
([[399, 687], [450, 687], [450, 708], [399, 708]], '1.00', 0.6891044259103222)
([[514, 688], [574, 688], [574, 712], [514, 712]], '1.00N', 0.9999911688396542)
([[51, 698], [153, 698], [153, 723], [51, 723]], 'CRA.KERS', 0.6941495352678196)
([[340, 709], [355, 709], [355, 731], [340, 731]], '1', 1.0)
([[399, 709], [450, 709], [450, 730], [399, 730]], '1.00', 0.887635936116665)
([[517, 709], [578, 709], [578, 734], [517, 734]], '1.00N', 0.998486588508215)
([[48, 719], [141, 719], [141, 751], [48, 751]], 'GPAVLA', 0.5165574314692336)
([[146, 724], [201, 724], [201, 749], [146, 749]], 'BARS', 0.9997964213289687)
([[209, 727], [248, 727], [248, 749], [209, 749]], '4CT', 0.9986585048402072)
([[341, 731], [355, 731], [355, 752], [341, 752]], '1', 0.48933480849256294)
([[399, 731], [450, 731], [450, 756], [399, 756]], '1.00', 0.3875396360546459)
([[517, 735], [578, 735], [578, 759], [517, 759]], '1.00N', 0.9997920104749154)
([[157, 775], [201, 775], [201, 800], [157, 800]], 'Sub', 0.9859837889671326)
([[208, 775], [270, 775], [270, 800], [208, 800]], 'Total', 0.7471152588849462)
([[447, 782], [512, 782], [512, 807], [447, 807]], '59.00', 0.837679591777619)
([[157, 801], [248, 801], [248, 825], [157, 825]], 'GENERAL', 0.9814328082666294)
([[257, 801], [310, 801], [310, 829], [257, 829]], 'EKEM', 0.9008916020393372)
([[447, 808], [516, 808], [516, 829], [447, 829]], 'S0.00', 0.5110780725539031)
([[158, 827], [218, 827], [218, 854], [158, 854]], 'Total', 0.8822809520068616)
([[447, 830], [516, 830], [516, 855], [447, 855]], '59.00', 0.906971611447345)
([[152, 851], [209, 851], [209, 881], [152, 881]], 'Cash', 0.7795160731285046)
([[440, 856], [516, 856], [516, 884], [440, 884]], '520.00', 0.5395745497896259)
([[151, 903], [233, 903], [233, 931], [151, 931]], 'CHANGE', 0.6129504038837856)
([[429, 907], [523, 907], [523, 935], [429, 935]], '%-11.00', 0.47198042224358905)
([[40, 962], [112, 962], [112, 990], [40, 990]], 'Toalk', 0.5901092656435215)
([[121, 962], [167, 962], [167, 990], [121, 990]], 'You', 0.8138901191596666)
([[175, 962], [219, 962], [219, 990], [175, 990]], 'fcr', 0.5219625832486927)
([[228, 962], [339, 962], [339, 993], [228, 993]], 'Shopping', 0.9999853328521642)
([[344, 965], [373, 965], [373, 990], [344, 990]], 'at', 0.8856138897431055)
([[381, 962], [465, 962], [465, 990], [381, 990]], 'Dollar', 0.9987053804591232)
([[469, 962], [523, 962], [523, 990], [469, 990]], 'Tree', 0.9923797060561159)
([[131, 991], [204, 991], [204, 1019], [131, 1019]], 'Where', 0.8554141413590994)
([[212, 991], [377, 991], [377, 1019], [212, 1019]], "Evervthing's", 0.9215396034048475)
([[378, 991], [453, 991], [453, 1019], [378, 1019]], ':1.00', 0.7580816255562185)
([[66, 1021], [108, 1021], [108, 1048], [66, 1048]], 'VDw', 0.5370185139701763)
([[117, 1020], [175, 1020], [175, 1049], [117, 1049]], 'Shop', 0.6128639927137058)
([[183, 1020], [285, 1020], [285, 1049], [183, 1049]], 'Cn-Line', 0.9994290767492581)
([[290, 1021], [321, 1021], [321, 1048], [290, 1048]], 'at', 0.9998405200501925)
([[332, 1021], [514, 1021], [514, 1048], [332, 1048]], 'Dollartree.com', 0.9955695773956843)
([[154, 1105], [189, 1105], [189, 1133], [154, 1133]], 'We', 0.9992699260781714)
([[194, 1104], [270, 1104], [270, 1133], [194, 1133]], 'Value', 0.9865036187864655)
([[344, 1098], [450, 1098], [450, 1134], [344, 1134]], 'opinionl', 0.8844236315186366)
([[275, 1108], [336, 1108], [336, 1133], [275, 1133]], 'VOur', 0.7182902097702026)
([[371, 1127], [478, 1127], [478, 1158], [371, 1158]], 'feedbeck', 0.9889689796144738)
([[100, 1134], [185, 1134], [185, 1165], [100, 1165]], 'Please-', 0.9769048286223369)
([[195, 1134], [295, 1134], [295, 1165], [195, 1165]], 'provide', 0.9904399590095263)
([[300, 1132], [363, 1132], [363, 1164], [300, 1164]], 'Vour', 0.9297277559272717)
([[487, 1130], [516, 1130], [516, 1155], [487, 1155]], 'at', 0.9999967968410157)
([[177, 1155], [489, 1155], [489, 1198], [177, 1198]], '(.011artreefeedback.co', 0.15209408993099202)
([[443, 1185], [597, 1185], [597, 1199], [443, 1199]], '-1.,1,,.', 0.26224621820274197)
([[355, 1188], [384, 1188], [384, 1199], [355, 1199]], 'T3', 0.3013698013034894)
([[388, 1188], [443, 1188], [443, 1199], [388, 1199]], 'Snn', 0.478162276301952)
